10000
4822
4205
4244
1552
3952
5172
3177
4174
392
4962
5304
5229
114
9206
1281
606
1352
6203
7595
875
3095
6451
8730
2947
9132
3219
3119
1953
4900
6811
7217
983
7519
1794
5483
7895
7600
4231
3162
478
7534
6833
9354
6183
5863
7053
8029
7349
8378
7899
7909
9338
5640
8952
6658
1839
9683
1234
4734
1077
6127
2914
1459
6234
8892
3137
8440
7031
907
6460
9276
9382
4064
4595
3223
8552
1400
3716
4009
8356
9349
7331
5189
1988
3656
8066
5476
3897
5959
3144
2579
8620
9350
4145
9877
4104
8388
7394
5728
8704
3314
4361
2420
6610
41
2286
4861
5518
8681
5151
5881
1065
1373
542
4568
295
2499
1391
6798
7920
1882
2843
5703
9721
6384
7389
9098
8330
257
3316
4553
9825
7540
6073
2909
4747
6189
9333
120
7107
507
4693
3859
1594
6993
3220
2595
3272
775
5550
3244
9822
7379
4245
0
194
5447
4304
2827
5477
9531
9097
4303
7631
2051
1432
7753
9054
3475
3386
566
3705
901
8585
1120
3007
3669
1569
1358
4299
1425
8185
8295
132
4569
2088
402
1149
3470
1421
8603
2185
2520
5910
8479
2254
6573
1766
2262
1991
8345
781
7834
5162
5741
4743
384
4802
9750
5354
9777
2770
9248
8962
5537
1114
1435
3592
8455
8688
2601
4872
2495
4134
2165
6527
8338
5133
4676
5405
1983
9497
8500
1353
8679
3631
2728
2785
7882
1643
1048
5970
5859
5824
5259
6602
8834
7466
3661
5641
9355
5076
5604
2059
2634
8540
7232
8294
6160
3089
3103
2294
9543
5860
6742
2439
9089
5341
9045
6533
2184
2143
4120
7738
792
8724
8122
4527
6056
9660
1303
2357
1224
3108
658
3846
6831
8416
846
5765
3602
3441
2024
9956
8458
8973
3834
8696
4915
7837
4346
7339
7286
2480
6401
4794
1215
7624
8628
6552
6971
9452
9077
615
8464
8408
5584
2844
3239
2283
8121
6293
5648
9020
9249
6534
8045
2860
5816
7445
726
4037
1549
498
7677
9768
145
8270
1830
9955
7411
704
74
4336
628
6227
1855
7798
7825
8328
3147
6242
3730
9050
1454
8617
3160
3603
5986
5787
2483
3232
1426
161
5977
7706
2215
5028
3802
1060
3179
9118
2990
9383
6756
3237
2037
6743
842
9439
7998
3981
4978
8839
8520
6112
6948
6988
9343
4741
536
804
4351
7211
4446
5732
1030
5542
1595
3869
7101
4223
2535
707
9027
1513
5879
2216
885
7787
5989
3837
8432
3760
7791
6142
1363
4132
4906
722
4093
4948
3599
5234
1126
7006
3657
5286
740
9759
2767
4699
2478
9085
7179
793
1550
337
8745
5141
5794
3129
9895
1670
538
5562
5665
9570
5679
9093
8484
1106
8665
5723
9876
3054
8652
2323
4465
8229
479
5514
2186
7357
2876
1885
9710
8934
4169
8362
6026
6695
7746
6089
2469
417
5018
8601
92
3456
3038
5065
2169
4057
5565
572
1189
6132
1997
9882
7008
2047
1533
1346
4311
7147
386
5371
6257
1500
4937
2489
4871
8736
235
3788
217
8074
3068
3850
3838
8914
7542
1469
2993
3416
691
2110
9172
751
7529
1563
7784
8011
1551
528
8025
460
5590
1354
854
1127
9029
2853
9773
5731
8268
4572
7171
3895
1207
1832
9965
4460
149
3418
1607
7553
2155
4195
435
4091
5000
7739
4762
1979
5546
8838
7151
1379
9671
201
4857
71
8006
6682
8009
3222
9280
3867
4457
6930
8793
6286
8929
8138
7456
5982
1680
6832
3057
2387
2744
2401
5087
3842
8199
8671
9072
6270
5432
3454
6155
6569
5058
6957
6206
3826
3565
3066
5650
8109
7855
4771
5487
9575
5126
6028
7780
2028
9187
8634
2309
3078
6190
8622
6907
501
211
4261
7354
7001
7004
6188
7046
7716
3560
6379
5669
1410
4837
3693
3174
9756
6148
1851
4634
4043
4338
7755
3248
4146
8722
6152
2025
7792
5829
2587
3490
6838
7763
6296
413
2930
1686
7688
414
748
4834
188
5214
7665
2416
4354
8690
711
5767
6021
2205
4326
7434
3267
934
9014
4565
5420
1920
7015
8020
9147
6758
2034
4845
916
8682
8471
3434
39
1440
3025
7969
624
8102
3717
2428
8941
1967
4070
3088
3055
2124
4052
3318
1201
3367
5239
3913
2150
279
2049
5047
2314
9128
4987
9579
3927
1284
1109
3976
6373
6719
1489
1130
2507
9044
1229
6173
4612
1227
2572
2153
7132
7843
7913
8734
7789
1257
9530
9806
4894
6703
6153
1862
6926
2167
311
8289
8194
2558
6229
2232
3813
7069
9208
1370
3317
2080
5613
3227
7376
4739
667
7973
674
4272
1238
7962
1349
8120
5306
4847
8153
2181
881
9233
464
1950
4357
7830
2274
5578
3464
2722
4415
4393
1252
6154
7435
1251
1456
6862
4768
3652
5384
9348
320
5625
8161
360
9431
7507
2857
9028
6443
7847
6292
8627
4903
2591
4459
6874
4638
3786
4823
7492
1838
4607
9084
1749
5059
4627
3808
1291
8054
8728
9367
1566
2379
208
1074
6853
8429
1172
5629
5642
9178
418
8282
3209
1232
7873
2228
5468
4115
6171
8322
1058
2626
4913
3914
5056
3640
6062
8379
9169
5553
562
1555
7793
5411
314
9963
5422
7737
2666
941
5338
1727
3784
1642
1910
31
7764
2927
6564
5444
334
5716
6439
1782
4394
5631
1276
5479
1800
465
2709
895
5316
9723
5031
5484
755
1558
7658
4420
7125
8265
8167
2605
3517
1955
5254
4483
9414
5014
9610
3973
2836
5144
2126
7795
7029
9298
8693
122
5404
5932
5759
7766
7721
4558
5449
396
4548
8708
7173
6411
3891
3636
323
3364
3900
125
7690
6372
822
1507
4193
2533
9785
8318
3397
3740
1049
9891
8123
1080
9971
1641
6249
3060
7444
4781
2266
8061
3277
9988
6050
3684
3199
3947
7157
2551
5763
3533
5985
1809
5228
4576
2736
7305
1789
9385
6567
5481
9736
7528
6715
4284
3935
4318
4173
6265
8984
2236
7636
2045
2890
3333
4947
9417
9024
4252
7634
250
1597
1528
7879
9442
6680
2680
4369
9136
7172
7853
5599
3353
4521
4888
1436
8633
5075
4713
4140
9015
9117
7447
3380
4476
1393
4989
4411
7827
8814
1690
1565
9869
3021
1705
3495
1210
2026
4766
1085
843
8387
7635
2968
3448
1659
4819
2700
7646
5960
1241
3538
1340
6485
4875
7297
2311
9995
27
8912
1982
9440
7888
1900
3048
1015
5105
2105
6279
2338
7450
2901
5145
856
8959
1791
2997
754
9215
4458
1157
558
1398
2793
2554
7937
8474
155
8716
2349
3514
5757
1147
4456
3879
992
1613
7425
8036
4301
1236
8288
9122
3745
6018
6037
5892
6667
1066
8948
4038
8531
172
6195
2163
4026
510
2757
3212
4939
9552
347
2518
4007
1411
2091
5443
5596
1365
9951
8147
7315
4628
8836
6897
7637
7238
3546
8522
7714
6077
4688
6613
6456
1926
9042
1438
937
7572
5381
387
3967
7255
9080
3581
8040
1032
5949
4412
2624
2564
2710
5216
5389
1683
9920
8037
9976
1372
7290
3242
5051
1111
2073
1656
9696
6259
9704
4238
6649
5885
7431
879
4264
8026
7448
5208
9847
469
5038
6418
6594
6432
9051
4601
4640
694
2637
4679
9522
9606
5426
1898
9755
5163
9728
9716
5396
8354
8709
918
6130
686
7428
4951
3580
5552
8826
4537
204
4789
3479
6223
7562
4795
4813
5070
1246
7523
9547
3002
490
2505
5178
29
1497
9712
9954
611
4526
8574
3336
8460
2133
9037
3525
7066
6280
3744
8253
9999
3011
6835
787
6653
7931
9010
6300
1672
8097
4636
7266
4067
8907
7594
1414
5988
2333
4448
4449
655
5078
8015
2340
7036
9001
8954
5292
1388
8014
8398
9092
8239
336
6431
552
2718
3667
4051
8390
6778
5799
7676
218
2345
4535
2154
113
1191
9819
2538
5269
4108
3462
7404
3161
5242
3331
9167
1522
7912
6001
7270
3699
2195
5008
4021
1664
6745
2902
5125
2956
8770
850
1160
8845
7343
2330
457
9686
8230
6034
1310
8700
6110
2148
6176
7941
788
9016
7170
1082
7366
1306
7617
1178
1818
2738
4355
5504
3994
2706
1888
7133
8800
1508
3531
4226
2923
8785
8316
290
6302
8105
7409
3113
1297
3899
1917
9168
3404
2898
4886
7090
2667
5060
9952
448
9670
8339
2884
771
8935
7533
9445
2961
2159
1458
2056
2657
5086
8411
5494
2509
2339
9639
5066
6212
4159
919
4625
1901
1258
949
9902
6813
8666
4723
9559
6241
1059
5343
9305
6504
6099
1544
4562
544
9194
5999
9811
3255
3176
5101
3590
1598
2029
943
3402
8720
4046
6096
4814
3400
4040
1715
4933
8862
2807
6230
1930
2264
7872
9272
767
7978
7258
4798
1932
3589
6603
717
3393
4209
8760
1162
1067
3666
3482
1088
9680
2842
4017
8081
8080
4678
187
6121
1369
5246
2883
8702
5131
4343
9827
7252
720
9489
8084
6980
9231
6873
586
4211
4373
3427
1877
1582
9485
2950
1902
8878
5904
6094
5586
6764
5638
343
7857
5140
6717
2528
2424
7865
7564
6115
9778
8680
1116
3342
310
4637
591
4820
9240
2893
53
2841
4730
4228
2402
9363
6486
2046
1720
2041
2531
4518
2786
7415
1776
3414
1620
7383
1141
7402
583
8969
5451
6277
1733
3203
2282
7405
622
706
2805
1494
5378
5868
2410
5535
4466
3417
181
4992
1008
4427
7885
8499
8258
6944
9034
4158
1057
4788
5284
5004
6857
4967
5043
4302
1745
1076
6007
7955
3773
6960
7956
2252
506
5039
9099
4059
7267
2872
2534
8151
5792
3776
845
3884
7971
3168
2674
4262
8492
9962
5633
7703
6730
1629
4290
9006
7458
3632
3964
6887
9406
4968
3567
683
1578
4869
9807
6922
1209
4276
4475
1267
3978
9038
5749
1713
6522
4036
8281
8706
153
6961
4291
1342
7983
5736
2912
8425
2085
516
5968
4609
7603
5173
7761
4170
5832
3320
5331
5175
4074
8853
2869
7000
302
2484
3613
7153
8637
3604
1577
3018
5704
1042
685
5324
6642
9802
3750
4203
3405
1515
8226
8321
8534
1669
2859
488
8987
4577
868
3352
3861
9564
9812
8370
8278
8279
6210
6583
7559
6247
948
4001
5276
8655
7301
4918
8792
1043
9449
4955
7027
9513
3260
2589
3442
6156
1196
1492
3215
4556
3718
1974
4068
6165
8503
929
9972
2075
5461
2079
5512
6381
5315
4691
1075
6731
7926
9205
2991
2904
7910
348
1583
7469
6568
7752
3857
5962
1723
3085
9913
509
2661
3061
183
1053
9082
3709
3506
6771
7096
3151
8023
2877
5684
110
2500
270
7565
5775
888
3355
423
6040
6488
7759
1479
2099
5313
6377
2809
3844
712
6054
3090
6106
5467
3615
5804
4438
621
7586
1231
5374
1709
77
5946
7470
4200
482
6699
7783
3044
5344
3848
3746
6315
6326
1309
4196
681
2337
2766
6850
6748
4773
8547
3494
8391
4201
7668
213
9228
2329
4454
4280
5193
5623
1045
124
803
4273
9056
3153
8132
8136
6520
2005
1185
8995
7708
790
3779
4560
8964
7701
1000
4368
5309
299
6079
9402
2537
3799
7526
9148
7515
429
99
8686
4474
5364
9160
9336
1584
7807
2547
4419
3106
5188
8821
1502
7864
576
939
6095
8928
5780
1121
2273
2225
5698
9399
2246
4282
4760
1825
4414
4334
5523
2888
2210
1891
7704
4709
3756
6755
7189
3763
1052
6466
1194
5142
6736
6449
7821
3139
1760
4946
4367
4818
4014
9940
2687
6496
2434
2405
5122
7244
5709
6271
1051
2996
9832
1416
7610
5332
7548
2713
7052
4084
654
8389
8447
6612
3670
4528
709
8421
8896
514
5722
2494
9438
1980
350
2664
6353
6905
6927
2066
238
7423
6925
3324
5401
9521
9412
8957
135
7510
4503
9966
215
7407
8433
5388
9146
2385
3155
9281
8668
9901
3396
5798
7025
2677
643
9830
3390
6969
2458
7664
1262
2363
2100
8656
3690
1452
4555
4512
327
6122
6683
5278
7105
9545
1658
1322
9059
9022
867
1418
7633
1775
3284
746
441
1843
5323
6181
6102
3425
1742
8133
9130
5947
1937
9340
3254
911
7729
3357
702
9855
8974
6791
1314
5248
4102
4018
1756
5821
5539
8208
7038
984
1361
9347
3086
9634
2491
4307
6359
634
679
4997
2599
9791
9317
4333
2849
5500
7102
5245
267
8175
5727
5408
5699
1935
605
5121
8988
1707
7685
4122
5345
4551
346
7148
6502
1786
1554
7992
6396
75
8729
6320
8911
9444
8237
1212
6678
8128
6913
2012
5273
8859
3642
2737
9731
3685
3268
7250
808
5560
2610
7216
8173
8971
1022
5943
2600
2256
723
6981
2267
9717
6221
3962
7671
9278
2885
1826
6776
6506
4746
6724
7728
5785
5373
9677
4222
889
9474
5397
2199
6720
7306
2322
9904
3435
9957
4005
7212
3754
9858
7936
9586
4136
5907
994
5357
8017
7110
1591
4664
8403
6799
4979
6172
650
8618
716
1029
9221
5750
1701
3282
111
1743
1347
1233
7655
1864
4753
7047
3611
6192
1484
5662
5818
5037
594
3132
9892
4294
5015
2419
1860
2055
2782
5167
7155
8439
6482
3243
7498
6369
7108
3984
8731
6350
12
729
1604
7310
5146
8776
3906
9359
4161
7928
6262
5452
8844
3938
5836
1630
4011
5118
4257
5737
4714
2082
6577
1242
9813
3671
5899
4892
7060
221
6802
5858
407
4904
9416
7268
825
8773
4672
9031
3917
3406
7210
6448
2570
6553
3944
1101
4423
6796
4517
6254
7129
3689
613
2415
5088
5782
58
5046
3645
2820
9043
2211
1675
2607
8659
933
1338
5328
1308
3559
7130
139
6282
4374
4494
6790
1804
3638
1606
1477
2529
4210
7397
1023
5204
5867
8451
6808
4804
8803
1650
5840
1090
4908
2327
5707
5157
4831
4268
9421
4751
6236
4150
869
7623
6869
6101
725
5081
7213
1214
8953
9627
5593
1235
2773
8786
7607
5072
3712
96
923
1739
4197
3485
6548
3052
2837
5779
1286
4715
3288
7898
6512
3609
9647
883
6515
7261
9970
4835
6174
761
8518
5505
503
9684
3257
853
5503
1437
4970
8344
5524
259
3461
8926
3009
2449
4611
8251
5213
5071
1332
4588
2432
3280
3233
2586
3851
6666
2113
3186
3700
7604
4815
6000
3975
5543
9188
36
3440
6255
2940
3845
3922
8950
4053
9191
4092
4891
9245
6734
2975
3359
9294
1115
6104
9429
6386
987
165
4259
5334
2684
69
2290
1356
236
8154
4917
5654
2302
2128
5302
6291
9081
1668
5402
7387
3542
7661
838
3893
6069
7248
4348
6974
3287
657
9335
2122
9881
6644
1273
9177
2585
1553
9558
5174
1268
3983
9420
1104
7893
4956
8065
399
8290
7712
2743
4403
7346
3408
7521
1096
3548
713
4083
8551
2120
9576
2473
8930
3133
8457
6650
9693
4308
3460
9915
6100
2139
3188
7009
5368
8283
3483
5810
4439
6607
1384
9918
25
4101
3294
9836
2829
7235
1773
9651
173
9501
2810
4856
3988
1805
4846
2431
5219
7336
8947
6105
2958
7326
6708
2560
6996
7948
9486
4116
4644
7806
1748
4441
5954
4631
8001
3539
1777
8511
4492
5399
4958
2092
7577
1218
5996
8477
7234
3664
2417
8303
1914
2573
1759
4842
2354
2334
9743
7227
5690
5585
8863
2725
6453
6815
969
6906
7488
9770
1811
627
5706
6978
8446
7883
5926
9049
138
3337
1164
5104
2219
672
2871
3672
9941
9254
7185
5179
3430
9013
1098
3231
6861
5472
7242
1890
8233
6606
7034
741
2361
8016
8719
3104
2928
4724
3681
6309
6591
581
9058
483
4868
7645
6217
5182
2646
8139
3247
9775
6716
8555
9862
9695
8306
2364
7626
4589
9841
6222
1079
4889
8308
9968
5781
7649
9934
7169
671
1876
6263
3561
416
7199
9181
9395
2846
7613
7989
42
3099
1392
5082
1131
7003
9226
4230
258
4787
559
6288
9672
7722
1573
893
7122
7355
8343
4250
9116
4428
2008
7686
7259
9585
8670
424
4121
4490
752
6941
4337
5127
8261
8186
6380
9790
946
1624
7174
8940
9709
7309
13
8909
8869
7627
7440
4065
9415
1958
2749
5035
4221
905
2164
5281
8247
2207
5356
7768
7940
6954
2418
8142
8490
7119
3739
8754
8033
8089
5661
3419
8810
4769
3344
225
283
4069
9978
6084
4044
809
1368
6571
7845
4500
958
8099
7088
6878
4897
6389
6347
7399
7487
9685
565
556
2388
5412
1468
7558
8650
9219
2406
8833
6059
5308
371
6328
189
8071
1879
8502
9536
3880
7841
1419
5547
3035
446
3682
7709
484
8584
9551
4919
1973
6324
6622
9595
3455
3977
2194
8304
4704
4125
7058
5434
268
7368
5326
4227
814
5339
4499
6366
6146
1348
1918
8399
8027
719
8108
9936
5482
1260
144
9246
1294
9621
6979
2779
4247
2061
1778
7568
5064
6608
2197
3326
7625
129
2653
8002
4844
3302
2944
9580
9774
6298
8385
1919
340
7293
6849
9609
2800
5394
8600
952
1239
1485
5360
4467
6120
5486
2020
4181
617
5671
8672
9299
8875
8855
6497
1430
547
756
664
106
970
7999
6784
7749
903
4410
8609
6046
8367
3163
3043
8284
8955
8900
6781
3787
4998
4239
6076
7028
3156
5898
5361
3005
401
1069
4759
4097
1616
5905
600
8361
7886
5541
647
449
9866
8336
3918
6137
3443
9120
3989
4163
5033
7750
8851
136
5901
7967
8653
4670
6226
1945
6331
1602
4993
3225
51
8846
358
1678
3023
9396
8093
3830
2643
9757
817
7808
6737
3902
8018
6423
4187
1617
5433
6687
5617
6648
7522
777
3420
3143
4924
4974
4642
670
5139
3653
7977
119
8112
1203
5827
4391
477
272
4977
146
6630
6775
6363
8661
8597
504
4489
8129
2851
175
3512
4684
9674
1142
6910
4379
9290
6842
4829
4540
9771
2981
9126
6139
1093
1248
5325
7829
6526
5746
1990
9216
9364
6829
7200
3278
6928
5807
4172
2617
5551
412
2137
8804
2365
1381
6917
1464
7294
6830
8965
8604
3118
4878
8155
275
2193
8880
8943
3058
698
1700
6284
9589
1575
5430
3907
4999
4184
5084
3519
5635
5649
9608
3563
2828
8866
2612
421
3578
5124
7678
5692
8384
7802
4498
6868
589
7951
2470
1652
8051
287
4689
830
4443
5386
7832
1653
2183
9930
1480
8757
9400
3797
3378
9150
865
3557
7012
9463
4013
1992
4283
5415
4274
9173
5044
2915
7794
5618
9275
2936
5001
7382
3852
3647
9432
7672
9244
4178
6022
9507
4966
8732
8034
6886
2474
375
2178
2762
6962
8465
5880
397
72
9505
1646
6958
7551
1568
8135
9898
3759
5655
5718
8949
3450
353
1289
3829
9747
5689
7080
1122
3814
6357
4564
9064
8118
956
5691
6088
5983
2823
697
9662
2679
965
4596
8915
2108
6865
9529
7859
7109
4926
6374
3395
9741
2038
4914
6627
1460
93
6665
9532
7426
4552
1837
5828
244
7641
1787
7724
3124
1026
9332
2546
3959
1576
3943
3140
6598
942
8137
4583
7019
6693
9327
4567
7742
4725
5346
9839
2173
1718
7836
9019
7500
2654
7954
8632
1406
3749
1326
2932
6397
645
1518
6939
922
3866
7536
6923
405
8326
8424
3039
8543
1639
5643
5253
7332
8242
8913
5967
409
7390
6019
1404
7194
6
1734
495
9917
2523
9124
1966
3757
5287
7555
2911
6416
2924
4566
8999
8697
1593
2168
9139
2690
3722
5237
1608
7537
3410
3439
7741
2658
7084
1923
5908
9286
2325
2171
7112
1922
3781
4799
5852
2430
3801
8576
1134
2663
8723
8750
2138
3181
8663
2212
3101
4757
954
7023
8852
2162
391
5540
3836
9641
2882
9590
5427
8430
3558
9921
2450
2018
3885
4836
9653
990
5561
9321
8117
2602
7905
7362
326
1007
3065
1223
9854
2693
1266
1357
5262
7220
2862
1055
6349
8608
6065
5520
2565
112
3431
3612
5311
5637
9145
4546
7345
1041
4033
8005
9896
7158
3898
9527
7719
6224
7776
8450
8795
4496
5446
7587
2467
2144
9539
6336
2732
5045
8381
9318
3285
4286
5511
9514
4305
8612
6841
9356
5013
9201
4505
660
9241
766
5532
8252
1985
607
2751
8771
4931
6385
3489
5190
3467
3793
281
7005
193
8895
6955
7781
1744
4105
3562
4911
2442
5425
1453
2241
8541
3772
6766
9175
2630
8275
9155
7281
1835
1004
7230
4791
3338
1527
543
4592
1540
4143
7002
8106
1907
4047
6809
7966
5972
1288
4531
224
7692
1795
143
515
5778
4088
3491
9002
6884
9679
692
2619
5448
1078
61
6427
4686
6559
5797
3584
4335
2539
7269
8675
8094
3200
1259
9612
7159
4860
2466
4389
5509
7152
3766
1692
9137
3513
5919
3579
6316
5226
8032
2689
2160
2729
303
4780
8755
4990
3184
2954
8796
2343
7525
5579
840
8179
137
512
3193
7181
4363
3309
3146
7020
4943
3172
4808
8882
2553
6395
44
5100
1986
9062
1097
6435
8111
9991
2627
8766
330
3932
7614
6614
2832
2662
7045
3121
2549
6283
5517
3965
4806
2717
5057
7422
8594
4912
5114
2472
3120
9820
2190
9309
6042
642
9464
7852
7782
3810
9179
5363
5256
1374
5074
3511
8837
3123
4922
3370
1396
2603
9666
3972
6410
6458
3465
1478
7563
6243
4828
6399
6752
5251
1320
3031
3114
2414
1397
9250
240
256
1846
5811
4473
9707
1429
5958
1084
2292
1801
7432
1632
7747
5567
2886
3894
7880
9370
9906
6085
3806
8879
2660
2456
940
2374
2229
4300
4254
9152
2413
9284
4765
9596
7316
3073
7441
9315
6071
2880
6239
3734
174
3241
4042
6920
3
8685
3128
6839
5955
1094
1081
6723
2140
6763
2735
3372
9106
9436
9783
2001
49
8463
4902
7017
4192
8747
7086
6091
3251
8238
545
6806
6484
6999
2221
8064
4616
5924
2514
7388
1100
3540
6804
6586
5205
7168
4850
904
8063
2375
7674
1881
2903
3510
8772
656
9164
673
3564
5379
6113
9840
9540
3305
5801
9105
7531
395
1802
1230
744
5538
1875
2141
5455
6415
7161
3541
1179
1339
5861
9260
8487
8198
6845
3245
115
3596
9676
2682
7693
6144
9144
5712
5270
6299
8538
9865
8749
1197
9838
4763
3283
6134
7835
9818
363
8426
403
8364
7461
9293
7324
7904
5993
1176
3957
5990
6795
2237
2562
5147
693
4281
2502
6634
2592
1614
2590
2747
3349
368
5136
7414
2830
821
7957
3598
7968
26
1219
568
8832
4175
1386
6067
7385
900
5458
4206
7598
3571
8488
315
6834
9698
198
6570
6378
1810
6143
753
2801
2318
5227
1588
7640
6508
9864
8448
1952
7991
668
2208
3198
8277
5843
9914
266
8496
4641
2289
7468
9640
9550
2301
209
2298
1895
8975
1736
1844
8717
2645
2854
4029
9837
9422
3651
5841
7502
7673
5301
609
34
485
6524
8418
2277
5439
1003
6111
6779
2176
4893
1671
3821
46
9462
7348
1054
6732
276
7765
9306
1722
2492
9814
9945
1103
6204
7927
7363
6529
9939
1781
5914
6746
5854
400
5793
1341
6228
3429
3720
3864
6866
9925
7429
9267
7923
6413
1887
2050
6364
1539
966
2378
5874
7881
2295
67
6383
9495
2397
6864
2951
6276
5258
7840
9654
9091
8823
2979
988
1703
3979
1243
9645
434
7421
5721
6388
9800
3896
6013
782
4543
9467
5900
1567
1737
9889
6253
7981
8517
2655
3795
6072
5563
4204
4677
8292
1151
263
666
3178
167
2641
8874
3169
608
1376
9947
2315
6074
5002
4480
5952
8889
2249
4339
6057
2919
8069
5658
6055
4581
342
2817
9823
1972
935
3501
1226
7950
8144
9668
7736
7743
6860
2671
6334
9108
5668
6767
1592
8213
677
4041
4453
5795
5556
6491
1056
5934
7599
6107
127
604
4479
2994
5940
8214
3727
9323
5851
197
9314
1505
1300
4620
7253
162
3545
1975
8908
1815
9212
4848
7141
6714
742
1290
7115
6437
9636
3300
6933
9648
8116
2814
1011
8337
4377
5465
5508
4719
2727
5134
9393
8255
680
7979
6722
7282
1961
8444
7459
4928
4516
6462
9594
3634
6620
7398
9041
5817
2942
8462
4416
6840
8038
1382
7726
3711
7980
5594
5247
370
239
3266
9572
8888
1812
2784
7195
354
927
3796
6185
4444
9681
584
8983
6483
3996
4329
9789
5376
4554
8076
3452
184
1647
2107
1462
9352
5168
8549
7478
1660
5813
7043
3164
1064
1834
7811
82
3594
1944
5440
8769
9560
2396
9617
7550
6741
8285
5244
2132
2367
2352
7406
8039
9418
6235
7876
3354
791
517
2703
8296
8434
9886
7619
7745
835
5814
212
1316
7134
331
7302
2253
9689
4585
9283
8244
7929
8266
289
4832
2157
6712
8854
5697
9563
8113
834
2965
9133
5516
997
2348
8008
8104
8206
7916
6033
9490
5375
735
7930
1747
5682
1638
6256
8495
3731
3012
2067
8056
3532
6182
5595
2992
2970
6852
1560
394
701
5576
6177
2816
3079
4430
786
7698
1771
6932
7618
9632
3912
663
5744
1020
2931
863
321
5536
819
7427
9630
7356
7670
7710
3221
9258
199
454
9620
5772
278
4461
8512
3789
5353
5920
1925
3815
475
9375
7475
7224
8067
3600
2235
7160
9803
1271
6566
1570
1423
2808
1137
1375
951
9316
5107
1036
9129
1858
1463
8780
4657
676
3518
4486
3758
5092
4362
3555
5392
4538
6052
388
8798
7512
5207
2447
651
9867
4356
2423
6936
7175
8758
682
2239
6581
7035
374
1994
8580
7140
5009
9652
5875
3087
4833
6661
3677
1661
1585
9376
1181
9702
4929
6773
8096
2821
7327
5975
8924
2398
4879
8075
898
5670
1202
4995
2540
577
117
309
2350
3192
4870
6162
1654
8691
8235
7985
4975
5886
745
8497
6312
1321
8359
8201
60
6024
8048
3383
6297
3738
4287
5806
9451
1621
5317
5169
7801
1845
4630
7471
4435
5230
9953
9985
126
430
8220
6209
1626
7091
422
5762
9776
7932
5927
202
9386
206
2672
5154
7094
4737
2783
2745
285
3694
5628
5803
8744
7312
1395
9361
5464
1611
8986
9368
8698
7642
1313
5724
2463
9664
7506
5393
8616
3141
530
6964
8188
8327
2270
7400
6157
2530
6662
2400
5005
6494
7473
4920
7938
3619
3654
3937
9229
7424
50
1186
1543
2550
8180
1648
9949
5923
4784
2982
4658
6495
6434
3991
5171
6782
7021
5621
9979
6657
9629
3240
2985
6544
2988
6233
1561
8877
6740
9878
2498
226
8287
2704
8245
9843
9665
8816
3449
3767
3946
633
3544
4049
1699
9023
4898
2331
7124
1931
2691
8602
5294
2513
4705
4600
1408
801
3205
687
443
4345
3036
5921
2636
8352
6600
1083
8566
4003
1422
216
3340
7071
4246
1939
2321
5369
3882
3063
9186
9503
4755
9065
4323
4157
351
1738
8817
4623
9967
6180
9261
2861
7988
4407
9230
2257
2306
3798
3696
4216
440
779
5466
1133
1674
6651
9165
7201
6391
8830
8871
9805
7652
9322
2324
1144
7340
5720
9384
5457
5896
7939
1433
4095
6412
9517
4718
8598
5953
2308
5789
8985
6390
313
4720
7629
9969
7449
7869
7567
7462
7589
9102
6801
8860
8491
8049
359
1187
8735
9498
3955
9154
690
5485
3152
4945
6585
3165
4733
4662
1006
2966
2443
5956
1541
4729
9482
8219
4481
567
3597
9109
5428
8323
5624
4983
508
1913
2231
6837
4022
7689
3472
3926
1587
9232
9857
9544
6325
4162
7361
3329
2639
7828
3230
3392
5555
5591
5183
4310
1854
4980
1449
561
3919
6478
6087
7304
6536
9223
1383
7410
5568
2043
1622
774
9725
9465
8130
9635
7477
2287
3874
6138
3379
1086
2031
9613
223
6938
2166
5987
4137
3755
9850
8392
5651
5135
280
3934
9334
6619
5719
6250
5866
7503
8643
3351
3149
1928
5647
4949
2072
4153
8297
1511
2032
6147
2719
8856
1684
4712
9330
369
4442
8711
6141
6757
5771
5615
6039
1946
3428
9760
6035
1968
2214
8291
5128
6674
1538
1714
5760
3076
6876
9345
6664
2648
6070
7352
3697
8410
9950
3591
592
1959
8638
4024
7292
9265
8802
924
3804
3094
7947
312
2675
8883
497
8726
6058
1490
4597
3588
4887
5740
3189
5666
5726
662
9282
1636
802
9170
4488
3843
8523
8578
6011
8582
4319
9643
2039
8885
727
9484
1572
9268
4440
9227
764
7446
9307
5580
6275
1148
2501
518
3831
6005
1499
5277
832
7810
2742
4471
7543
8596
8981
5355
2892
522
7144
9166
873
5498
2631
8260
4859
4039
582
3071
9372
8319
233
794
3534
5413
595
2014
6812
8022
4071
7591
8466
5992
9744
8079
7597
511
7854
255
1163
8060
5263
458
1217
5882
2471
8592
505
5181
4482
7925
4332
3109
4590
3358
818
4673
4030
9833
9502
6375
6940
5833
5460
2730
200
1486
301
1389
7508
2227
8302
4506
2177
4952
8012
1450
9437
3921
7659
6394
2929
1415
219
9762
7249
6505
445
9068
444
3375
603
2027
5526
1905
9344
55
6199
3607
2389
1335
8605
2616
878
8371
978
4279
7815
557
620
5459
5800
4927
8395
3437
5974
9159
6691
6626
4544
1050
5515
7921
8569
1299
3376
2699
2881
2815
1315
3308
2575
3117
7419
8515
1963
5507
3875
6060
6461
1785
6321
8713
3892
4776
9061
8961
5077
5751
1798
6354
8193
6816
5739
182
5156
2296
5300
8437
4433
5844
2444
4750
852
6213
456
5279
7061
6041
931
8546
1651
5222
4880
7182
724
7982
5738
8819
7491
4186
5497
7193
352
4619
2900
9816
5012
6826
2408
5109
3422
8178
2485
6032
2062
8818
2372
7299
4073
1475
7819
7744
9798
4094
4721
3966
4237
6726
6819
5079
8264
1618
3818
6027
4395
6889
8733
3004
7735
9958
3901
9428
9342
9894
8695
9184
7463
6625
6436
1557
286
1545
8400
5685
9797
9926
5342
2341
7131
4680
8573
3234
385
3971
1534
8301
4575
8765
549
6246
9821
3691
6103
2070
7875
8789
8212
4382
2222
7018
406
6004
1417
8787
3706
4224
4801
2694
3791
7279
1976
3332
1816
5456
2701
9358
1921
9039
2740
4491
915
7520
1822
6003
8262
8526
7570
8774
5758
6565
8779
1482
196
8101
1282
2948
6588
9649
8676
4277
8334
3643
9845
9549
1808
7772
699
1089
307
1474
5266
9291
3980
1216
5708
5855
8707
9541
361
1772
4275
4321
3064
2726
4873
703
9748
9932
9483
9959
7545
598
229
1732
9324
1729
6729
7049
1603
7844
7944
3951
3698
9389
2269
7342
7284
8246
1168
877
4341
8452
4484
6984
5951
5023
4921
2935
6194
815
8588
1169
9678
2752
5395
5119
8393
8091
1819
6747
862
762
6493
9562
6563
1524
5380
3488
37
7497
3635
2983
6810
6490
6789
7274
3084
8501
6843
5548
195
1989
757
3769
9516
5322
8350
7970
959
170
4744
2856
7454
8441
4478
9366
1190
5513
9699
6963
6441
5693
6525
1908
6987
8107
5089
8272
2702
3062
4827
467
9362
264
5453
3724
7229
1676
8409
828
420
8380
8660
9829
9408
3286
9883
4253
3723
9616
4797
3335
5994
6015
5663
1847
6556
2799
6947
297
9472
4025
9369
8449
5589
9095
2429
9546
6329
999
2714
4234
9910
1897
1177
6582
2009
7648
2731
486
7917
6489
2614
7239
7480
5054
3887
1951
9692
3127
6818
6082
6338
3582
9214
6937
695
9726
6539
2753
1044
3135
6531
432
1960
800
9729
8223
5042
1780
7513
1525
3361
9758
7054
1254
7723
4969
7720
9754
5607
4649
9202
1912
7087
7392
19
4316
6521
1025
8158
610
3270
9088
7532
5701
3616
3710
3577
4793
7384
9397
7767
2054
7145
7539
5138
9718
4293
9937
971
6576
2739
5093
9458
7758
9161
1155
1412
5211
3920
8641
9703
1390
9528
4925
56
1068
5299
8062
1589
7486
3620
1451
487
5527
6821
8191
2454
1752
57
4019
2604
6382
1188
4185
80
7620
1521
7654
8072
8299
1336
185
8249
896
5871
6901
5098
1796
4513
9096
8423
8644
4633
6855
8467
2980
9734
2545
5696
5853
7681
8192
6492
6237
9279
6238
8236
2889
6514
9457
7325
3415
1852
3196
7433
4942
7062
3569
9346
3812
4048
1307
8372
4002
6541
9844
5116
8047
3701
169
357
6574
9339
5683
2312
2593
4716
6513
8687
2490
6352
6337
1529
4421
9380
3343
5906
1244
4298
3688
6929
8248
4668
2407
8010
494
455
7887
4935
7918
4278
4099
8899
203
9320
7775
7592
8276
3904
5265
8493
7022
3916
7856
6629
5383
4698
9574
7237
5423
8857
5130
8311
2647
9614
4851
3466
2891
9868
8606
6721
8211
3800
4248
3077
2121
9277
9337
3299
5933
8923
9304
6193
3207
436
1024
62
9738
6654
7557
5614
8881
2371
7241
3595
1344
8442
8469
1014
5201
1981
9060
2941
1564
2319
2804
7995
2464
5820
7377
5694
9401
9884
8309
6847
17
9880
3459
8748
9079
2588
4696
7691
4285
5129
6128
6688
9520
9296
2825
9193
4139
9388
569
2448
8615
9365
1615
1125
2953
3933
4578
1102
1107
4214
6064
7914
639
6016
3229
8980
7644
1028
9218
705
8657
7790
2678
4148
9373
8945
9113
2074
4561
389
9112
5007
5856
6468
7504
7240
4289
4126
3374
1501
9180
527
9274
6231
5610
6986
4587
9815
4674
5026
9185
4493
9730
3768
1947
6017
2651
9618
6546
476
7816
6261
6287
251
9477
3029
5961
6918
1487
2999
4015
870
4821
739
7247
5296
3019
1351
6116
9110
6701
5660
8572
1817
7838
4054
3070
4118
160
1537
1717
2445
3807
89
3695
8560
9715
9994
8453
5350
4905
3102
736
638
5488
2795
5217
6430
7117
1535
8966
982
210
6814
8805
2182
4550
5888
2224
5998
1857
305
9720
480
9047
5592
5822
9740
9419
4777
4524
502
5358
4502
7848
6851
6673
3954
1962
8377
9469
6487
2487
8141
7732
293
1984
5203
1866
3381
2685
1
3377
9534
4865
8510
7877
9555
1129
6392
7296
9392
2326
1836
6167
7687
5529
9899
7596
5783
227
5957
7308
6882
1769
9615
9189
2508
52
2906
8570
1002
3345
2669
6009
8298
4177
4557
4539
4727
4817
1377
2712
4240
4398
2771
6290
7718
1929
7833
7048
9441
3987
7136
3210
9605
7576
6558
5680
1841
4944
8870
8514
3142
4957
3346
1445
6387
6931
5250
9701
5912
9600
7908
4700
1330
6786
4849
9204
1319
4063
2620
1140
8300
6304
1504
7413
9804
7371
3051
1009
6828
8098
985
5864
6663
8701
6472
521
4934
526
4825
1761
973
1360
3674
1746
3458
5048
5510
7870
8752
76
4156
4805
728
4386
4529
9210
9107
5210
16
4212
4202
4182
3858
2913
5019
2812
5773
2967
3471
892
1628
1184
5471
3315
5657
1934
9069
5297
8043
1762
2845
7222
2569
4840
6803
1483
3478
5417
383
3774
6848
6295
6020
5068
2376
4523
7702
7204
8436
3942
7347
4270
7566
7608
1514
367
2621
4748
9115
6125
6421
5191
8562
9491
4314
531
7113
8858
4413
9711
9897
3218
7231
451
8333
9190
6825
7773
45
9360
6426
2040
3159
5192
8718
3715
8887
3291
2135
7601
9691
6770
9271
4375
4315
4507
4450
7657
798
7911
3001
1581
1619
5492
3526
1434
88
1724
7896
2541
9225
3753
141
470
2822
4617
6053
177
5090
1927
2077
9242
4087
3644
5123
1277
5231
6429
9626
2870
6669
9313
4477
9025
2571
4497
631
3368
6014
2355
6168
1110
4731
9074
7682
5305
9553
8340
4060
158
7809
6867
9655
3925
7197
5053
8489
7813
9138
1038
2761
7484
4756
1938
2380
571
176
1070
7341
3252
3201
7667
3770
596
8085
6872
9946
652
4994
1192
6638
6029
1637
2383
5521
995
1916
8422
6097
8204
9623
7114
861
5094
6635
7481
1237
8271
632
7584
6579
3093
1750
2686
4107
7097
6117
5688
9650
6894
546
4327
7014
5620
192
6805
6202
1774
6690
7055
2204
474
296
4536
3585
6500
9644
644
5220
1471
4779
2030
1037
5153
8662
5980
5928
6618
7098
1693
166
936
7846
8207
8751
6225
6479
9379
6836
54
8648
4133
7455
9834
2218
6301
7257
3655
7919
4109
6424
3523
6636
5290
806
8822
529
128
5291
6098
5522
5438
7465
2459
820
7588
4811
9719
2146
4
1510
8886
590
4233
3771
6705
9842
6880
2201
8614
6592
104
6538
1706
6827
2642
220
7585
1698
1896
1446
1362
585
1716
3362
9786
9781
3042
4852
2200
8307
338
9153
1123
7188
8658
8938
1072
3194
8942
4353
7256
7278
2792
8651
7089
7878
5403
4855
2112
833
2369
9478
3554
7517
1355
9794
2238
7472
6351
9779
913
9908
8642
5922
8332
580
3297
7072
3889
9301
8353
6445
5132
4973
5195
7386
9782
298
6477
1657
8936
2787
6890
5823
9252
7375
8815
7609
2203
8902
6621
466
3719
5583
6407
5710
9604
6991
1385
269
4615
2488
5894
3960
178
7074
4166
8019
5938
3134
8619
3876
2613
4605
5137
5656
2615
2855
3761
4786
1536
8355
1998
3618
6356
9688
9746
2462
799
874
5791
1350
3481
3265
4012
1296
5566
8190
5581
5
3708
8559
864
807
554
4586
5941
4111
2019
9200
7952
9687
5935
6975
5936
4129
7824
7656
6965
7442
5117
325
649
3853
9048
7287
2268
2421
450
9394
8727
7378
4675
5964
9121
3056
8564
1721
6068
7369
1673
1173
8257
524
2060
8738
7717
5715
2358
2578
8667
6510
3549
2344
8293
1455
8176
3167
7524
3504
2875
7785
4320
8461
3096
3726
7959
8589
6405
1343
537
7063
4792
4191
8542
4251
5224
1559
3081
1556
7707
4470
8165
6908
7574
2117
2594
9508
7311
9853
696
8843
8412
9873
4877
4408
2258
7186
6047
462
6355
4534
5091
2191
6738
3524
3327
2532
1645
8778
9682
4402
8968
2382
6934
3823
8715
553
7602
5073
3150
1625
5672
2608
3528
8131
1245
5320
9964
7662
5808
7149
2780
8694
6124
3313
8791
4077
6305
4665
2189
1328
4598
366
4867
7330
6555
1599
6457
6589
574
5351
2922
5911
6530
6997
7897
9197
2711
3888
1193
5582
6398
2017
3258
8865
6689
33
1228
5890
3187
6684
8095
2852
3493
3764
6211
2544
1387
5588
7464
8177
8150
5198
6749
7711
6632
8536
4580
300
32
4690
7963
1071
9860
5372
471
2068
540
8777
3728
1526
5318
1828
151
142
1413
5029
8630
6590
4447
8472
9198
4608
1013
3552
9224
2086
1571
9494
4176
4124
548
1448
9571
6408
1265
9311
9035
3097
8647
8565
6605
991
2436
2791
3570
1132
9158
3496
90
8470
8841
1380
8743
3306
8529
9492
5260
8103
373
2394
4380
2342
6318
6414
3521
6675
7812
5102
2756
1198
6313
8243
7803
2618
4626
6361
6641
2351
7104
1317
5534
2670
8611
5830
3303
8623
5632
4370
3500
783
2223
7903
678
6281
7323
772
9127
4965
7573
103
8829
513
7436
7628
938
3325
7638
3748
2789
5040
5577
7026
4963
9409
3886
7251
1532
8894
4843
5950
9461
6216
4632
3388
6898
9974
9980
9998
3641
732
3614
9378
1170
8972
7103
7
6159
6912
3794
6792
8375
646
5335
6465
6550
5735
324
860
3384
5915
4208
2127
8196
6547
1457
8636
9123
6542
743
5976
2683
5754
4066
8168
710
8890
6989
7277
2563
9796
2649
3824
4735
3204
4328
1138
8631
8925
9591
6323
2057
648
5948
2134
2335
3195
5714
5069
909
7254
7082
1285
8127
3680
6725
3398
5869
2304
4288
4401
1407
3403
78
570
9851
7858
1466
6972
1880
876
8842
3363
5185
9134
8250
2960
8527
364
2976
778
7774
7953
5264
7757
8903
7874
8169
5605
2746
5319
1753
5437
191
5646
4884
4381
5916
3790
7770
3675
7890
8507
4265
6272
5463
6420
381
5407
4241
8058
9986
1298
3924
5622
8228
186
35
8231
5826
6409
2411
7777
86
9875
2242
2969
5491
1158
3382
9070
7615
3626
3948
4198
7077
7233
7663
1892
2835
2896
6788
3131
7538
9434
1506
841
5113
9583
1211
2834
6422
8077
2065
6164
2307
9504
9509
8944
2016
910
9447
168
6498
2226
953
1221
1200
9292
3047
8699
5995
5850
8847
4360
4651
8921
2305
9403
3319
7076
8684
928
3292
1806
7178
7675
7516
419
47
2964
2831
6994
8331
2724
8873
2451
9052
2412
539
8000
3822
8083
2149
1135
7322
1143
5981
6660
8003
2644
3017
2864
4392
1274
2622
619
599
1964
7474
1367
7439
4160
319
7056
601
8649
3145
541
2598
7374
9456
1292
2131
9929
8366
8125
9119
4839
6916
9156
1869
9329
8917
4694
5120
9203
4119
344
5872
2629
4110
9659
4508
262
6652
6523
6700
3915
3686
9032
3665
7485
107
7483
9026
7762
6859
2103
7123
5418
9824
3649
6447
5011
9454
3707
9071
2048
9727
2609
5845
8997
4342
5295
3484
5796
5677
1840
6870
3687
8579
5176
851
6959
8813
3360
3783
1199
3034
6218
3713
9518
7351
7987
8172
1039
3637
3625
917
797
5450
5676
9542
9598
6322
8348
4584
564
4149
9302
7142
6081
4006
2261
2234
6760
6186
2559
534
9933
2957
2313
5143
4260
6440
3389
1850
3046
9238
2097
1311
6733
6205
6406
3877
8621
7180
1073
5969
9997
5165
2971
28
7221
7225
9657
6467
4954
5945
5352
1427
6090
8625
7622
4599
6425
6692
7245
499
5653
4399
6702
6025
2813
8028
3940
8481
8088
2874
1679
7412
148
3986
5390
2058
2392
73
1099
1940
322
6184
8703
6977
9247
2083
7393
2468
1394
9573
282
4089
2887
4349
1873
1547
1523
718
9012
8933
2847
6628
8365
9171
2206
8351
7621
7964
5770
9584
3477
857
8476
6744
9300
3171
6311
382
3630
7889
8314
9533
7139
4545
8781
8820
64
8483
6535
2475
7064
2104
9101
5112
5766
3069
4710
1401
6463
6985
9578
9470
2688
439
2243
6175
4876
3473
3623
1112
4271
5194
4985
4961
5966
1473
6903
9407
1915
5298
7024
9852
9237
3714
9661
6344
3173
5196
4812
2125
6123
1821
1751
2356
899
9753
6433
7700
4509
8811
2081
5611
4168
8639
4135
3385
4667
95
6966
9601
5238
4594
4324
2778
108
9961
3279
6561
3020
733
7575
6633
9063
2918
5506
5055
2263
2774
6551
4045
4383
8977
98
3862
1788
8624
2111
5362
3811
5419
6267
2873
8159
7460
2336
4683
7535
4312
8509
6545
2868
8486
6891
7198
588
7902
9253
3622
6061
785
14
4659
6881
3990
7099
9067
8146
8183
2297
7358
5400
5564
8087
2119
9488
5849
7289
22
665
6807
2130
9642
1269
4152
5478
3587
3050
6655
3037
8689
4445
7831
9658
9086
9000
8124
6499
4603
4775
4309
1663
4296
2101
8454
7344
5200
433
8849
8431
2106
9935
1470
492
8825
7842
3601
7590
7611
912
1610
8753
159
9948
1971
473
2763
496
4155
3576
4749
6475
9239
8267
5006
9213
4004
5891
2078
6973
5462
404
5554
9769
3573
9289
8535
6191
8530
3890
3737
304
8784
9983
8629
1814
4656
6333
3617
4573
9784
847
2741
2937
6728
6464
2908
560
4525
7554
9487
3486
5496
6109
2673
2734
3871
1633
7849
8910
8286
5387
2145
7560
3045
415
8119
461
8561
5725
3993
4854
43
5097
4112
18
7044
9446
7571
5837
3835
8110
7476
9656
9475
5558
4085
4606
7612
7884
8126
9697
4358
8761
2907
4682
7313
8494
5681
2934
154
9887
3226
2865
3828
2668
550
6679
9510
140
1655
5965
6342
2555
9374
7996
4736
8383
2759
4520
1472
6260
2511
1117
1605
5398
7011
8673
1333
7823
9625
3703
4764
8216
6332
1165
7333
9942
4629
7420
247
8868
349
8315
4322
3112
9
2052
9377
2036
8946
3985
1768
4772
1586
2925
3910
2978
6340
9499
2255
519
2303
3438
7900
6900
3505
7183
3276
7509
5587
5809
4235
7943
7177
7730
1829
8554
261
6856
4485
8202
8678
7150
7817
5930
3503
1870
2317
1503
9053
3409
9831
5884
914
2519
4056
171
1272
2848
4826
5061
6362
2386
8041
5846
7192
7319
6902
7935
84
6446
8989
2332
6580
1293
906
3170
3931
3847
9795
8571
6470
573
1872
3953
4702
5742
7041
731
5865
8256
2910
5283
4858
4366
6646
333
4364
5409
1301
7894
6686
2362
164
4758
3939
993
9846
932
1253
2597
6454
5895
1092
6885
6995
5240
9236
3296
2293
4663
4147
6735
1681
8428
4807
1312
8404
3997
6909
9912
9928
2011
8610
6274
8956
9078
3782
4816
9479
9566
1627
1255
4249
8764
1275
1325
3970
625
9537
7295
40
452
7208
1965
3742
4422
9423
8567
1978
1010
3208
5848
3433
7994
5519
4434
5790
5160
6942
9524
9459
9036
8991
6863
5626
7321
6166
1903
1512
9381
2089
1031
4123
653
1046
8918
2527
489
5385
1019
2007
4783
3341
2525
7990
5786
2496
4504
3679
3905
1644
5215
6952
1542
3301
1710
3432
4932
823
3190
5559
2022
7643
5812
5268
8725
6126
3027
2945
6207
9371
2952
4078
9809
6161
7796
897
100
1695
4144
3310
2360
7986
245
1420
6578
9989
3863
5700
6339
3006
2926
4263
6670
8876
6532
9633
8867
2275
4378
491
1728
890
1689
1726
4034
8021
7453
5729
523
9919
7417
9667
4199
5717
7380
1287
6643
2115
79
1741
3605
254
8872
6045
427
7993
318
812
3833
3909
7804
3551
8613
5024
133
4258
7725
2482
8397
9090
8181
2476
6151
5243
5755
5876
8937
9987
2524
7360
9526
5963
2858
3865
8586
3995
1465
5788
4866
5095
2995
3908
2299
9890
6170
4650
637
1205
8182
1128
3929
2276
3729
5255
6245
5753
9325
6459
8164
3138
8174
1182
9288
1697
5225
1481
9390
9008
6595
4267
5600
341
3281
5601
3743
3507
3275
5180
6258
3116
4229
623
6455
9848
3330
5673
2755
7901
4895
4996
3263
9859
2568
5761
612
6659
3311
7547
7367
4215
2623
1327
8884
811
5421
9149
3785
6751
3446
894
463
6681
5021
8480
7215
3407
2452
97
7683
8145
2284
5025
7582
2064
5634
9588
6704
7713
587
378
2625
7972
6970
5630
9975
7549
4372
7580
6474
4549
7093
7121
398
3499
4646
7202
9183
8221
1264
3627
3606
9328
2136
848
7075
9493
8435
2652
1883
2395
5612
7162
4225
9103
9694
6754
1623
3148
3298
3217
7680
7866
7184
6904
1609
6450
976
3805
6294
1886
4082
4940
3312
2777
7164
7479
8232
1270
2158
2984
8234
7381
4726
737
9018
4167
6817
9916
5569
8143
242
5602
9982
964
8082
9871
9217
9021
6012
7042
4425
277
4541
8970
6519
7037
9466
5249
5034
317
789
4941
3000
8140
5730
3185
5973
1035
6232
7033
5835
7942
1467
734
4767
3421
8607
1152
989
8209
3067
8996
7370
1865
2196
8861
8710
2366
9017
9066
6314
7243
6030
7205
2455
768
2750
6108
2769
5115
4960
156
8557
813
131
5944
4189
9874
6149
1283
1574
6820
866
3659
6935
2715
355
9808
6516
9749
1792
669
5347
8396
6718
6824
7945
8225
4671
947
8024
1095
6480
5158
1491
2582
3792
2279
2441
7337
3945
4409
8553
9519
8993
7401
7974
9114
7396
1476
252
1183
1667
329
8368
4863
2905
972
4519
6367
9569
9055
7272
2526
9888
1783
3293
6133
8402
3583
8583
1793
1687
6946
2213
3958
5289
2202
8848
8473
2142
2399
5337
431
4495
4306
6727
7684
8035
8004
6075
1225
6264
6896
597
3856
9885
5805
3028
5155
9826
2542
5549
5862
4778
5329
8904
1204
3721
5501
968
1366
8683
4424
8170
2346
6739
3733
3535
6327
9220
7997
2063
9602
6777
3868
2943
7850
6335
1206
979
4754
4732
5609
3082
5106
3765
7437
468
5454
7946
2013
7350
4165
5752
3516
4593
8739
8960
3235
410
2409
6240
481
3575
8740
5272
5571
836
3256
4639
6616
8746
6330
5883
4487
5110
2536
641
5252
2161
9140
2760
5282
750
7165
747
1696
308
2272
6051
4923
9592
9724
453
3182
9207
8901
3537
3269
981
6697
9577
2090
2748
3033
8420
7073
3100
8162
2548
3202
8269
9135
3629
4571
3502
1139
996
9565
1118
6671
2384
4722
8532
7078
4463
7632
9163
7653
9506
9040
3436
7191
3683
3998
6444
9131
4008
6023
9310
2556
63
6575
1640
5490
4028
6517
8827
5177
6601
6846
635
7010
6063
5842
849
9094
3827
7070
116
5186
7820
1755
2504
805
8313
5391
8548
9557
9405
3136
428
3339
2486
5616
6797
5705
1941
9872
6623
2638
563
826
4916
7328
8114
1730
6774
4853
1516
3660
4708
4648
222
8590
7300
4874
9603
4417
7934
5575
1803
3492
3469
4400
3923
6599
8759
6844
6343
2084
7958
921
2510
2917
8055
2328
3508
9984
7740
3080
5359
5429
7030
7482
3111
9391
837
6083
2628
3780
7786
9638
2946
5218
3556
7814
4703
5327
1027
8335
4010
5314
2506
4387
9788
2972
6307
2959
3092
2583
5470
5150
4020
8406
4899
7494
6368
4618
9611
2377
1906
7696
661
4218
6883
3323
8599
3778
4681
7280
5212
2656
4404
7338
7275
8407
3752
273
2938
3676
7264
2006
6345
65
4624
1677
5971
6787
7906
2437
1250
7126
4455
9992
4790
5675
4796
4559
7057
1304
1247
2512
5148
9673
5777
986
7081
6178
886
2152
3839
8482
9111
2381
5340
3032
1323
4542
8737
1153
3969
7085
955
7544
1302
3075
5271
4385
7651
2676
2023
3423
5978
1166
7263
15
7276
3809
3498
4344
7040
8951
9331
2422
9471
2391
2894
4687
1061
6822
957
7541
7120
2758
3457
7818
4171
8205
2477
2850
640
7734
9425
5903
9722
9424
1754
1256
6888
5236
7756
1403
1735
5416
7146
1662
6943
1329
8539
872
6572
2373
8528
1666
6676
6201
2404
3014
2552
1719
8031
8369
1711
3236
2053
4522
4180
2285
5020
8741
4384
7228
9732
2096
1195
6976
5573
7467
7839
4936
8646
6967
7727
1150
3003
2187
1784
4761
8982
7514
6346
1763
5365
5489
4138
5469
5572
6145
8427
8413
6945
4532
884
5233
6709
4530
6135
715
3107
9004
3371
4803
4472
8831
3391
5659
9125
3262
6998
4154
3646
3249
271
4397
6768
2794
4031
7408
2650
8797
4654
3183
2320
8478
9927
7285
9453
291
6707
5321
1874
8324
593
230
3762
3480
6711
2087
8920
7303
6481
675
7697
1562
2659
8320
1222
5991
5257
9593
636
3426
4591
6780
5756
1904
7167
9435
6078
4388
4232
3105
3849
533
292
390
8525
48
2838
1899
6540
1725
6252
8756
438
6765
4469
9879
1263
2895
738
179
7695
7226
8341
8742
9792
2788
7778
6114
4266
1318
2819
6010
5544
6476
9100
3350
4533
3608
684
6554
6044
760
6196
6924
3253
7731
8468
2114
3157
8346
4313
945
3273
887
8197
3015
2973
9556
1399
6358
8967
228
4130
9548
1261
2118
3974
6615
4035
1146
6992
4072
8240
9515
8189
4086
1033
5202
9849
8893
9828
7196
920
3022
5619
626
1688
2353
3191
5645
2465
1893
5022
4972
9938
9182
4451
5280
6268
3197
7209
2522
2839
5083
9157
7111
3399
2174
3992
7933
9772
2192
9196
5815
2811
4621
2393
9235
4883
9341
961
4100
7593
8254
3334
9924
7320
5267
6438
9357
7647
2217
8508
7106
2071
1520
5435
1324
4330
1345
9448
6611
3295
8712
8563
3328
1579
3394
1108
708
4976
8485
7214
5049
1612
9192
4431
5997
7527
6584
4242
5288
1685
9199
4991
3289
6893
8070
500
950
1969
3741
2611
365
4864
3321
1601
1957
4511
5424
6140
6509
91
8674
3348
8635
980
8537
6244
1087
4579
3968
5734
1878
1894
4695
4971
4325
5307
426
2515
1949
4027
7100
1113
7291
5410
2721
1105
7246
8342
2798
8382
758
5062
1948
3228
525
9903
9262
6404
447
6303
6163
4436
6031
8224
393
1995
339
555
5748
6785
6341
6537
1831
2754
1174
8163
2503
243
9607
6150
6949
6006
328
1443
6596
2998
2632
8714
9404
2921
7679
2044
8812
4127
3930
2584
5111
7218
4317
4117
5442
241
5166
8864
9162
5187
8550
2939
6220
1295
2695
5067
1799
831
2716
7223
9269
7800
9663
7863
66
2692
2723
6990
335
5937
4896
5769
8544
8979
824
7438
3586
1546
6365
7799
6092
2567
7135
2003
6371
3628
3304
5159
6672
3663
8086
8581
4055
3735
688
5474
7418
6197
6593
1849
68
8763
6403
6761
614
7334
5017
3633
4666
1600
5050
770
7748
1856
8263
2281
5713
8052
9476
2635
472
9582
6469
6921
6048
5221
3832
784
1431
8394
4655
7039
8259
147
3250
9817
8808
6428
7403
7862
5152
6668
3825
6518
5063
2347
2863
4062
6376
5711
3013
8927
2247
2233
9308
5747
5639
8090
5678
839
4220
4141
5979
4824
4984
2576
7138
2866
4396
1279
4081
3175
6393
8347
6968
2076
4604
6772
377
1428
2963
4959
4643
4179
4190
5003
4297
5942
4645
180
9033
8640
9766
8788
4103
8807
5475
7949
4706
3322
8809
5857
2102
9398
5745
3468
3041
730
963
2403
7630
9735
8227
2010
5367
6306
8363
265
7851
7416
5878
9631
602
8149
9104
3026
6914
2245
3290
8280
3662
3274
6560
6348
3264
1175
1936
1488
8976
8891
4194
1062
7265
9599
5598
3543
3872
7156
1439
7965
1764
2021
6645
9535
23
7203
7705
3668
7561
2220
6208
9009
700
6950
4243
8577
6696
8217
855
7489
4582
9713
8898
1596
7578
5445
3820
3529
3206
6417
2574
7518
9151
9752
2172
2867
773
2093
2802
5695
5873
7166
1012
1017
4076
345
6198
3016
3447
618
3246
6119
8692
1444
3566
20
130
3059
8419
3550
7579
1441
4785
3373
6875
4830
8524
4462
2796
8312
2244
827
9270
9430
6982
284
4547
960
3702
5525
8801
2497
6759
4114
5931
4563
3451
5870
4437
6136
9083
7922
4131
11
3053
5652
6639
7271
6879
7116
1548
7501
7273
1498
7788
7016
3125
8919
411
7298
2986
190
7699
8591
3751
2949
3074
8401
9460
4988
8505
1704
5480
8664
70
1694
8806
858
9410
9981
4701
3412
2561
7605
1424
2818
4610
7975
1807
2271
6080
362
8092
8840
4032
9511
4292
5170
6169
9624
1740
3463
2596
2250
7128
5010
3530
3024
769
3725
8215
5330
1091
3130
7495
6677
974
4841
2879
9326
1853
2209
4635
408
1159
1047
8274
6360
5918
629
3214
5667
6402
967
5274
7260
7050
3369
7805
1824
9353
3158
5348
2359
5184
4432
6953
8013
1496
5030
9799
5080
5834
2989
8922
2427
7395
9870
8310
908
8100
7715
575
248
5349
765
5099
4113
6858
1208
9468
9351
975
7771
7317
8790
8783
5644
4810
880
9907
2803
2004
776
749
2543
1278
9295
5382
459
5674
998
9943
8376
926
8775
24
4981
3366
7307
7871
3387
4653
9243
1649
7984
87
7496
6793
1018
6706
7452
9312
1859
3083
3238
8558
9512
274
5925
6713
1405
3673
8593
9856
2175
1063
356
8990
8241
3098
1005
7650
4151
1956
7359
3817
1827
8705
8068
1842
5414
579
4371
9427
3515
5889
9222
5664
9996
2179
9993
8835
1171
2280
7569
714
3881
5052
4075
3213
3855
260
7032
4882
6507
5377
4050
5016
930
4938
9960
4692
2899
1924
4418
9256
1631
9287
7733
4774
2440
6609
3040
8417
9176
8405
6269
3444
6617
1364
8587
9073
5441
8498
2095
2493
9433
1359
3941
6624
9211
1334
4862
493
9597
5303
6248
2698
8210
2310
8042
5913
1813
4359
796
134
207
38
8187
3678
2433
4838
8373
2977
7499
8595
3527
2461
5627
3347
5897
4405
7779
5499
5085
1530
5531
5774
1034
7826
9646
442
2697
7013
3553
1867
4950
4510
7207
1378
4742
8357
1954
2580
4331
5199
7891
2633
9443
8545
9141
8516
1154
7583
4770
9745
121
4622
3854
1409
85
2665
8513
9076
1797
5370
253
1213
306
882
8906
4647
1833
4207
9195
8317
3072
5436
7861
4350
7314
871
2259
4106
9905
9567
1461
2781
8519
1682
3692
1040
5223
6278
3261
2577
1691
6557
9669
5768
4080
9143
5495
5041
829
4986
9763
1447
2002
8645
9767
8438
4142
5877
3126
4426
8799
8203
1884
944
5606
8568
288
118
2790
6562
8721
6800
5530
8521
205
9264
6452
7079
9568
535
3487
2878
6549
1942
4669
9581
3936
8414
2116
3819
9637
8349
4514
5702
157
1180
6710
3365
7335
1702
8046
8794
3736
4098
6118
8998
6503
4901
30
5241
5636
2460
7797
3928
5917
5036
9411
7639
8057
3816
2438
2764
5545
7769
1531
7288
3982
4885
925
6317
6794
3883
1156
1145
3961
2188
8156
7391
6528
1977
6419
9285
4707
6473
7236
4023
163
9923
1987
5847
3122
6066
6698
9944
9761
10
3453
1119
9255
4613
6266
3950
2015
4090
3747
6951
9297
7552
9496
4183
7754
8897
8059
7907
9142
7219
6308
2370
2033
1970
1337
5164
4468
6273
7694
4295
9619
2129
6694
6442
8218
6915
3008
2094
2962
844
7666
2708
721
2765
3091
2109
8828
6131
9587
8171
3115
2581
81
2
9450
8958
8504
9473
4188
4602
7822
6597
3166
4365
9751
9057
4809
5597
5293
5108
7127
763
3949
2681
2251
1517
4570
9266
2000
8222
3520
5902
5784
102
816
2300
6043
5603
2170
6769
5235
2516
7059
9259
9810
8963
8677
2248
9005
6093
5312
8850
4219
6640
1996
7068
9209
2557
9931
4236
7892
5939
6251
1021
9273
3568
1161
1708
1331
6911
1861
7137
6877
7457
8475
2768
9500
4964
2772
7176
7960
7065
8358
214
5557
6049
2776
859
6471
8456
6685
1249
2987
8360
9174
1665
9303
616
2797
5493
6919
6310
659
2824
94
7961
1442
6319
7143
3445
1509
101
237
9455
123
4164
3870
8626
294
232
1823
8050
1765
8386
3873
3180
8978
6892
9700
689
6956
2775
6750
3154
8157
8669
7083
3411
5819
8992
6823
2435
3732
2291
4697
6215
5733
8073
4464
6219
8782
437
3878
152
3956
5161
1770
1933
6895
2426
8053
1767
1590
7262
3547
8115
7067
2069
2180
1999
9319
379
2707
3648
2806
8654
4515
1848
1371
6637
1016
3704
8200
6501
7430
2316
9973
9733
2278
6002
7443
1136
6158
520
5261
9739
7976
8767
8030
9714
4910
2933
4930
8166
3639
2696
630
8506
5027
9554
3658
7206
7365
8939
3413
9893
9480
8044
8148
4452
2230
9003
8762
8273
9628
3509
2833
9863
1495
8078
9900
1634
8459
5909
231
4128
2035
6543
1758
4347
59
9708
9481
6187
4376
7546
6604
1889
3777
5608
7187
7924
7867
3841
9257
2368
5232
4652
2733
3224
5431
4614
2826
2265
6370
3401
6983
9523
5366
7373
5929
4255
2517
3650
7451
3621
6200
9622
3211
372
7490
9046
9561
5570
4745
9990
5209
4406
6647
332
8415
8195
2916
9765
7118
6179
4016
2566
5838
7163
5574
2390
2457
9087
7092
9861
376
4061
2481
6511
5032
8325
4096
4890
810
7868
1712
4390
4256
8305
1220
8445
9525
1943
9263
9922
4000
5839
3010
4881
2042
9911
5825
7915
962
2974
3271
9787
109
2288
4800
8994
9538
1240
9801
3911
5406
9007
3474
6753
4782
8533
6899
9705
6289
532
4501
8443
2198
8768
3497
2640
5776
5686
4213
8932
8556
5502
2151
1402
5743
380
7154
5285
4685
5893
5149
3476
2720
4079
3860
6038
5831
9426
6631
7505
795
7051
5473
7190
8931
1580
5310
2123
9742
3624
2446
7007
3903
2453
4738
9413
9075
5887
7283
150
3963
4728
3999
1790
7511
234
3030
1993
2260
5533
7581
7095
6762
105
9387
4907
1909
2840
7329
3307
2479
3610
7669
1820
3049
4711
5336
1305
9977
7364
8
1911
9793
1519
5802
3356
891
2521
425
9835
21
5528
6854
9780
977
1635
9011
7760
4740
4058
2156
3593
6214
9909
9706
6587
4909
9764
83
4982
7530
8152
4717
2147
2705
1871
5206
6008
1731
7353
5103
9690
4752
8905
6656
3424
7751
8824
8160
902
4953
7660
6285
1124
1167
3216
5197
4429
4660
8916
4217
9675
7616
5984
2098
316
6036
5764
6871
4574
4352
1863
4340
3259
9251
5096
2606
6129
551
578
8374
5687
249
7556
4269
1493
6783
759
7493
8184
5333
9030
7318
1868
8134
6400
2920
7606
246
7860
6086
5275
2955
7372
3572
3775
8007
780
2425
3803
2897
8575
3522
3536
9234
1001
1757
3840
3110
2240
4661
3574
9737
8329
1779
1280